# Stock coverage — 100xPortfolio universe

Generated from `app/universe.json` (built 2026-06-11). Each cell is the
number of pickable stocks for that category × era. Survivor-only S&P 500 names
(currently-listed, with return data) plus hand-curated bankruptcy landmines.

| Category | 1990-1995 | 1995-2000 | 2000-2005 | 2005-2010 | 2010-2015 | 2015-2020 | 2020-2025 | **Total** |
|---|---|---|---|---|---|---|---|---|
| Technology | 18 | 18 | 28 | 32 | 41 | 46 | 63 | **246** |
| Healthcare | 13 | 15 | 19 | 27 | 29 | 35 | 45 | **183** |
| Financials | 13 | 18 | 31 | 43 | 59 | 62 | 84 | **310** |
| Consumer Discretionary | 9 | 10 | 16 | 20 | 28 | 35 | 41 | **159** |
| Consumer Staples | 18 | 18 | 18 | 19 | 27 | 30 | 31 | **161** |
| Industrials | 29 | 29 | 32 | 35 | 40 | 45 | 62 | **272** |
| Utilities | 15 | 15 | 21 | 22 | 24 | 25 | 28 | **150** |
| Materials | 18 | 19 | 22 | 23 | 25 | 32 | 39 | **178** |
| **Total** | **133** | **142** | **187** | **221** | **273** | **310** | **393** | **1659** |

